-99
4166
8073
9944
5755
6721
-7806
5683
-4836
2367
1098
6819
342
1081
-3203
-9075
4577
-5051
-1794
7761
-7502
-7789
6379
-369
7403
-6173
1898
-6240
-60
-7178
7462
5865
6974
3434
-427
7644
-5213
1691
6192
1965
3612
-9536
1174
-6208
537
-9643
-6497
567
-1741
-2951
-9994
4671
4971
1187
-3173
9667
5309
5707
-2747
6702
6680
4108
3714
-2788
-695
5295
591
7134
-4252
-9986
-379
-164
6447
5002
-1132
7469
9543
1800
7690
-9486
-6620
7655
6174
-1403
7065
1312
-3966
-4679
4858
-6535
8304
-7943
4349
-2573
295
7626
5122
-5560
-767
5746
5920
-9688
-7597
-9375
5883
9951
-7104
-9071
-3627
9702
6526
8403
-9225
5750
5761
8331
2051
2125
-7900
8830
-7191
-3908
8172
9773
-492
1363
6923
3452
-6162
5477
3875
2036
7851
6598
3068
5939
-2146
2917
-2037
6579
-2532
-4454
3589
-6666
-4902
8838
-7857
7955
1579
21
3992
-2031
-8687
968
-8854
-2601
-8087
-5322
1152
3483
-2457
-2906
-9935
-2880
-508
2706
2163
-9015
-6542
-8608
-2538
4025
-7219
-1594
2546
659
-7422
2508
-6843
-6517
2069
1856
-5904
-8798
-7549
8372
-1841
-3913
-3170
2099
-4892
-6417
-3073
1277
8220
5592
1761
-1365
-2202
-9560
7238
-5984
2663
-7898
-380
-4342
7578
-9990
-3296
-8827
838
-1400
7548
-1130
-9669
1556
-2194
-3934
-1570
-4178
7461
-2896
-4436
6649
7617
2521
5811
-2449
-6629
-9138
-4608
901
1865
-5508
-2445
-8081
8266
-9453
-5441
5526
-4153
3718
9983
-6585
-8980
361
-7815
-3015
-4433
1898
9843
7818
2141
-7207
-7285
6702
-926
7101
3634
-9781
6822
-8800
4222
5064
4474
-7738
805
-8170
3409
-3772
5544
-2455
2180
4674
-3850
263
-4781
4261
-3744
-9760
-8437
5012
-8706
-9378
4003
3207
2071
2710
7003
-3109
5499
-6899
6779
8108
8142
7352
-8259
8722
-8447
9427
-4021
-6989
9046
-2689
260
7021
4724
-2094
9483
-7235
9530
7844
-6936
-709
3368
7811
3646
5243
-2484
-3988
-6997
-3024
3051
-1640
5592
-6940
-3178
414
4000
2390
-5560
-9852
8576
-5960
3967
8940
8838
9558
553
1816
8452
890
7529
-6899
-4223
2725
-8250
-3133
-9379
-5155
-3498
-2264
-1171
1124
1613
-1261
-8305
-7977
-2042
988
404
-6781
7031
4339
-1638
-8919
9149
8336
-3044
-6371
4954
7381
-7019
4096
4722
128
-4479
7116
-356
-4170
258
-1714
8193
-7834
8687
7677
2154
7523
-4370
9321
-6718
9808
-4569
-642
1220
175
2943
-3433
6902
-223
-1147
9193
9348
-7439
-1936
-520
5250
3243
7921
5441
1854
3439
-2841
3982
9225
3182
521
3602
8640
-7581
3103
7874
3948
-5432
-6207
9892
-9291
426
445
-2081
3699
-4793
-7402
-447
1004
2756
1657
-1913
4751
2577
6076
7642
-9354
5204
-846
4734
9578
6325
-4250
8177
3153
1192
-4601
7314
-3278
4023
2233
-7977
2878
5268
-2894
6111
-230
-2660
8619
-952
874
-8824
-974
3939
6929
703
6710
8531
-3855
-266
-5746
-5534
-7220
-168
-5669
6835
-4541
5745
-245
8974
-9993
-19
210
-2707
1752
7974
3919
4862
-6952
7749
6566
6551
8428
-4490
-9106
-9821
-4863
7003
-1208
7544
833
1000
3667
4244
5410
4346
1503
7552
8230
-3136
3243
-1009
9443
-5869
-2882
-2255
-3627
7670
-8665
5074
5449
9996
-5598
-2538
408
8601
-2844
5196
-1254
-7165
-7229
6968
6981
1940
-2553
168
-5880
8068
6921
-9851
4119
-661
7015
-9451
-8808
-899
8776
3720
9483
1389
4188
-5800
-9288
-7165
3128
-7783
2838
2638
3711
3239
-9567
1661
2698
6898
-678
8666
838
7465
-8785
2283
-8303
-6323
4318
953
-6432
3142
-754
9290
6066
-2905
-2314
-3604
-6583
-8442
-4110
-3037
1003
6963
-6772
-2855
7180
-5032
-8255
-7985
8682
4486
5694
8217
9127
5168
6798
4367
9188
5376
-4920
-1055
-2278
-1448
-461
-9995
-7952
-5412
-7682
-4051
9027
2221
-3137
6844
-2449
4428
2870
4529
-1973
5269
-5960
-9312
-9849
4342
-1589
-6096
-5315
2869
-1983
-9776
-9293
-9298
-4492
6565
1299
-361
-954
-7990
-1410
-3657
2147
8144
761
-9483
5735
3940
-7343
-2033
-1713
9987
8609
-7799
9141
-8351
-4433
-7919
447
2874
4719
3780
1596
-77
6779
2534
-9215
-5509
7720
4511
-2983
-4320
-2758
1382
-3837
-3339
6671
-2290
-4683
-1148
1629
-5707
1719
8932
8275
5068
372
-2165
8019
-4430
1556
969
5538
-2291
2131
2591
-8387
7922
-2171
-2450
-6651
3580
-6918
9691
603
-5625
-6843
-4402
-4889
-6443
-5205
6570
7601
9036
-3663
2569
-4226
-7858
-8979
4139
-3083
-7435
-5768
-6426
6804
-8481
-6405
-6496
-9667
3319
6914
5867
1649
201
-8844
-2484
-905
-45
-659
2029
6738
1636
7891
-7490
7903
-4407
8360
-2245
-5913
-2011
-6930
-755
9215
-5480
9136
-2201
-8138
5285
5737
-1200
-6941
8590
-2750
6775
-8750
5187
-6136
8804
-8564
4150
-8123
5024
-2172
6202
-5160
-7431
1612
-1914
-5830
-5820
610
-7011
-542
3851
7401
-6583
-4981
-7551
-1378
1852
751
-5614
-1180
-7344
3731
-6687
4475
6815
-4949
5738
-5878
-464
-4161
-1115
2663
275
-1423
-1497
9106
5350
-3577
-2980
-699
1009
-2519
8596
-6167
-4264
7058
9642
-8253
-895
8881
2337
4598
3255
1006
-5489
160
5748
2652
-3291
-8715
-8321
-9387
-5772
1642
-4452
-6514
1927
-5867
9329
-6839
-2310
-7300
3463
-4450
-6952
1118
-9738
8601
-1004
8264
9469
7774
-926
1171
2142
3072
6680
-9803
-8708
-5394
-7100
-9790
-1827
7086
4832
-2376
-1771
-8831
-7774
1888
66
-3605
-9838
6286
2418
7679
8463
-785
-6588
-5567
9162
-8071
9227
4711
1374
-6842
-4789
7939
-2239
8460
3956
-6970
-3336
9593
-3078
-2308
-6108
-8742
-5435
-2409
382
-4706
7125
-664
-2278
7582
1403
-2633
2933
-7627
-560
-6292
9783
1334
-5408
7770
2936
-2194
-7173
5413
3721
3964
2339
6736
1066
-9717
-5368
-4570
609
9762
1345
766
8537
-1943
3900
5210
9933
2108
6388
-7778
7408
-2495
-946
-2761
3109
814
8028
-619
-2433
2064
-1954
2836
-1454
2993
7921
-5213
-1119
-3044
-6093
-9664
1148
9038
-2776
9475
-3774
2182
177
9961
3982
-4009
9897
6802
3222
-9718
675
6189
-6535
7385
1796
8369
-8066
-9288
1432
6315
-2741
4181
-1050
9334
8757
6573
8240
-5352
8750
1234
-8181
-8597
5343
419
-2336
-930
-1669
1767
9908
86
1546
4043
-2149
-7163
-3612
2174
-9934
-8697
6067
-7404
-7020
-1275
-7945
202
-7228
3436
-4881
-9875
7950
-6288
-9204
7525
-7313
2127
189
4627
-2639
1978
-6279
-7247
-6368
3907
-9493
-6981
-4365
4738
-1342
-3270
-6091
-5839
6099
3406
-6369
-378
7390
-1457
2514
-4907
-9741
-8003
-9652
2790
1265
5326
-9683
1803
1430
6723
5305
-8391
3330
-2040
6327
-9033
7456
2550
9565
-8871
-3801
-1520
4680
-7365
5259
4330
7321
-6182
5410
-2098
-7072
4228
1868
2260
8359
-5790
-1916
5657
7235
5939
-8690
1406
-2623
9196
8501
-9025
7074
-749
-9320
6212
-8201
-8597
4207
-1183
-4373
-8181
2396
-209
-6632
1121
-9730
-8320
-4468
8682
5496
1974
7508
2631
2944
4687
-8545
5583
-2725
3130
2463
8843
2723
-5265
1317
-9097
-6474
2847
-6951
412
-9887
-6452
1188
1723
-3002
8985
-8635
3756
1875
4046
-813
7749
-9456
-3707
8985
-4743
3814
1817
-3615
9948
4540
4298
5292
-3489
3284
1116
5721
-5564
176
1071
4754
3871
-7813
9791
8030
1973
-3912
-245
-6358
-7257
2548
-5170
-1712
-6241
-9839
-3688
4291
7294
3650
-1559
-392
6971
7617
4713
8225
4314
-4307
-2584
-289
-1770
782
-5143
9063
-5355
-9645
-7602
3463
8870
-9581
6431
6058
3670
7117
-1643
-2046
3509
7097
-6346
-9430
-6956
-6254
-3185
-7055
1982
6474
6407
1531
7626
-5276
-2974
-6074
6145
-4599
-9615
-3241
1700
-4336
4521
-6328
-9357
-9687
7893
-8699
8671
6401
2186
-3073
9147
1417
8634
679
2033
8748
2244
5568
-8810
3832
1126
-4518
-9798
-3127
-446
-3799
-7385
-739
1165
2083
2811
-9842
4513
-4076
4909
4653
-3685
2281
5528
5826
-3419
-2999
7161
-8192
-8824
386
4402
-5495
-4604
1155
3170
-6955
4772
-6967
6126
8367
9901
-4351
9383
2525
-7960
-1927
5898
7488
8999
5279
-2315
-7653
-2997
-5173
841
648
-6281
-3710
7211
-8988
8743
-8189
2158
3354
5107
5759
-8019
1592
8254
4195
7262
-5800
5105
-9908
-3076
9181
6298
3506
-3824
-9462
1122
2000
6329
2434
6822
97
5172
-7
7588
6886
3976
-2691
1032
-4266
-7843
3368
8701
9956
2262
-2140
-5908
-190
6686
6523
-1784
-7322
8764
-9679
-7732
4103
-7366
-5246
-5637
-8286
1836
9498
-8049
2845
7321
7284
5847
2085
-2544
8126
-9638
9335
1510
3927
1106
-3973
-7075
8957
2632
-321
-2843
-3013
9515
-5145
-741
3878
4051
-6219
892
-7017
4526
-6337
4003
2700
-8561
-3018
-9654
-8456
1816
4267
7454
-8362
-7790
-9443
6050
-8034
975
-546
-8673
4536
-7374
2540
-7424
2370
5357
-5580
-7787
-7643
3187
7981
7910
850
-9423
803
-4454
-1899
8965
-2900
-3417
3096
5157
302
6456
2769
5479
9190
-8338
-6219
-2153
-6456
7780
-6361
1389
-1315
-8141
4884
8631
-5328
1148
-5855
2541
6970
-8537
124
-2383
-2244
-605
9386
-5801
1700
7344
-9162
9745
-4166
4342
-729
-3686
7984
4804
-7619
-8999
-8477
8655
8737
-7652
-4609
-8947
-2003
-2964
-7125
4780
-2176
-7256
-5051
6496
7708
197
-4573
3173
5011
-6544
-8496
-9401
-8634
7684
-9985
-554
-7136
-2405
-8555
-9952
3720
-6650
-3762
-1515
4296
-1157
-7343
677
834
286
-4571
1571
6102
9337
-4445
-6657
5812
-1146
6241
5992
-9280
-1100
8546
2071
9688
-910
-8872
1070
-7312
-9524
6375
-2401
-8661
725
-5015
27
2239
-7162
7350
2336
-5271
-5387
-2288
7322
-9526
-5327
2111
2473
8021
-917
-8329
-7241
3110
-1093
-8419
-9558
5736
-9811
-1822
8946
7054
1468
-6263
2525
-1591
-2331
663
-3994
4635
-7312
-8286
-6748
-1205
9976
1674
7908
9573
2423
7340
-9281
1841
-8698
-2224
-4855
7896
8749
2984
-9904
-1634
1354
8957
-4498
-179
-3661
7985
-7264
9484
-3088
7034
4745
1644
1153
8002
6983
-314
2521
9256
1335
-920
5786
-1585
8809
-1911
-627
6542
-6846
5838
-1076
9883
1280
-4507
-7927
4995
4134
8737
-744
-528
-1232
9992
-9380
8428
-3364
7298
-7950
6515
-6692
5170
-3941
-4701
7348
-2516
-3419
-5982
8329
-2744
-5772
-6532
-7922
-8858
2553
-350
-7492
5450
-7322
9316
-9297
100
1551
5432
6141
6451
-9452
-1553
-183
-8128
-2402
-536
8006
-810
1291
7489
-6504
-2446
-277
-8100
-9166
4492
5219
-6774
-3247
3848
-5959
5995
-2144
-8773
-4040
5725
3223
-2623
-7921
-5008
7050
4087
-3930
4875
3226
-9
7263
3103
-9353
-4475
-6810
-4805
-5822
-5483
3735
9583
6132
2658
-9267
2772
4548
1352
8358
5784
-2731
-9610
6415
-984
9282
8895
460
-8472
-8863
-9748
-1203
-1418
-5559
7682
-3517
-5513
6157
8634
-8864
6330
3976
8581
-3320
2868
2464
7874
-6399
2532
-1603
-3571
-8580
-466
-3403
-1754
-4067
-7216
3973
2590
9578
5820
1522
-5653
4379
6665
2900
-8934
-7804
2546
1829
3439
3955
1480
-2422
9562
-1429
-5852
-7375
7704
170
-8663
-7975
-9678
1087
-7407
-6026
-9003
-2187
-8204
6846
-1215
17
-6178
-882
9962
5326
8681
-1915
2014
-1217
4420
8644
8735
-2833
6473
3505
-4045
-2795
8303
2973
1465
-1677
7978
-6645
-2960
-562
7471
-380
2849
8521
1422
-4916
-8047
7482
1381
-1532
6210
-8295
-7092
-8582
-9349
7185
-3301
2366
7844
5245
5991
-496
6238
9334
5448
2761
5498
-6701
6351
-5269
-9832
6121
-7022
-1941
-219
-5375
7286
-7993
-9166
6927
2660
-8111
8436
1614
-884
7853
5323
7625
5799
-4275
-2491
-1341
6316
6676
2373
8248
-8183
5986
3976
6882
2803
-7114
-6609
-5409
-1939
-2643
-8155
6387
-4225
1767
-5187
-534
8425
-7375
-8574
-2167
-1130
2445
-1241
9273
-7234
531
9886
-1646
-2824
-711
-4215
-398
5315
-1965
-9775
-4105
639
-5651
5173
1866
5742
-8075
6385
4220
3816
-4025
-6412
4903
-6179
-6119
9714
-95
446
7115
-4130
-3248
3340
-5803
-4788
4208
-5888
4113
-435
2987
-5364
-1763
8423
-4789
-4591
-770
-5339
-8199
-3103
-1749
-2676
-4865
-8276
-4296
6225
8646
-967
-3023
-3206
-5810
4810
-654
8418
-1844
9638
7102
-8923
1916
-3885
7713
-7929
-1469
-7282
2272
-5890
-3156
9337
-9272
-3175
7628
-7633
-5983
-6955
5138
-1851
-8753
-4884
-8087
-253
9460
6399
9995
7784
8404
9302
-8554
-8213
5568
-9075
4318
9586
7128
-5527
4365
3917
5960
-1814
-5144
344
8318
5334
6945
-8798
5861
970
9416
-1249
1750
3704
-3064
-6802
-137
-9142
-3567
269
-4943
-9516
594
-3403
-7088
8389
-1593
7480
7156
4465
6800
-3315
-7295
8691
8756
7456
5752
-4532
3451
-2243
6272
-6072
-8298
5268
-3894
5318
-3153
-3770
76
-3143
1668
5165
-7894
-9948
-5442
-5147
9927
6724
9078
-68
-6995
5353
5858
1250
-8059
7538
-922
-8741
-7818
8609
-1839
-5326
8647
-7072
-9523
-1164
9780
5675
8913
-6691
7758
-9070
5178
648
-495
2418
-8937
-7316
9226
2303
-6979
1060
-3083
2871
-8090
-2148
195
5657
-5151
-1311
-9981
5851
6856
3347
-7770
-8259
-2117
6610
-4032
1287
6672
-8558
9292
978
8955
-2039
-8515
724
-5546
-842
-6569
4024
-9817
4265
-1331
8660
5911
8279
3286
-8812
-5345
-9907
-1819
1972
-6220
6806
9756
-6614
-8454
-2601
-8102
-7522
-5863
-7592
-5766
-9314
4345
4915
8169
5743
-4593
-182
-6712
257
-2420
-9163
226
9876
6662
-1358
-7141
-8599
610
947
-3312
-2580
5020
-3940
-6026
-2306
-8507
-5176
-6731
7768
8993
5971
-7340
4895
-5976
4332
-1205
3276
-3957
-1377
-8017
-1009
-6749
8436
-5769
651
-4797
618
-4015
6932
-6257
-4520
5823
-2433
3494
2564
5337
-2983
-6937
5101
-1818
-9025
-9788
-821
-7804
-9172
2718
7865
-5782
3361
4349
-7291
-6107
6809
1605
-5933
-8668
-7309
-3499
5472
-1053
-9557
3337
6833
-8317
4905
-9048
-9060
-11
9328
-9209
8089
-9514
4393
4625
-2195
-9801
-715
-6183
-7646
-2040
4530
7444
3512
-3342
2981
70
7316
3230
-791
1974
293
5507
3327
-5494
-2374
5147
-5097
-6731
-4378
5777
2006
-5035
-556
-4911
-1923
342
5033
-1437
-6815
655
-4743
-8023
-9029
-766
-9098
6079
-9492
9603
-2880
-1279
1490
-9342
-5560
-7196
-492
-9618
944
-2134
8336
-7901
6337
3864
-9155
-5565
-7248
-3265
5198
5687
-9515
4848
-6869
2853
-7503
-2239
3126
-2278
4849
5808
-1935
9131
3437
2384
-4138
5195
-752
1141
-2675
-7239
-5115
-1133
-2055
7587
5109
-8141
-7785
6560
-7031
-1363
4030
-5555
9907
2045
-2900
8841
-5708
5057
-4907
-7165
-8590
-9315
2694
6531
-5009
-8544
-298
1789
7795
-3320
2657
6978
-7484
-1136
4294
8677
3725
-7605
-3243
-9396
-8078
-4114
921
-7649
-8018
7802
5888
-8645
-8497
-1163
-2978
3004
-8685
-96
7979
-4302
-9775
-524
-8517
-6392
3158
4398
-4756
7257
2588
-8277
-5074
1017
-3060
4514
7780
732
-7214
-6826
849
5005
-9120
-212
2689
8380
8426
-9460
1946
8177
-8725
13
3035
-4372
-1909
-3180
-8282
1667
3355
-9884
-4323
-477
-4108
8471
-2652
-9804
1220
-8189
6782
-1057
7591
1334
-131
-5690
-9200
-4150
7539
8135
-7300
-6765
4028
-9052
-5486
-3817
-897
3479
-3020
8529
4150
4600
4962
111
1175
-4755
-317
-9191
-5972
1357
-5603
-8524
-1972
-9290
-2617
-7025
2254
-6360
-6377
-9368
6597
5653
-6668
-7359
6517
9192
523
8789
-4357
4642
3409
4237
-5733
2418
-7571
704
6352
5065
4368
1475
-3706
3237
-2692
7972
2930
8658
74
8395
-8965
9582
383
-5079
-6871
-5259
-7923
2636
-1105
-4573
-2762
9285
9093
-7669
8383
251
-1599
2179
-9550
3350
-413
8618
-55
6348
4682
-3657
405
9637
8281
1135
6225
7120
-8321
-2422
-1777
-8925
-4685
-6531
5991
-6915
-8875
-6101
5840
4243
-8894
-1590
1900
-8980
-4565
7618
-1948
8558
-7584
8997
-4809
2081
-324
-6495
7905
8588
9435
-5326
8275
-6100
1161
-8749
179
2492
-4519
-7031
-7534
-534
-9123
-2321
-6224
-6905
6608
9437
-9468
6665
-3802
5793
-911
3662
-2417
-903
6782
680
-4829
-2086
-162
-4450
-115
3828
-9467
9889
5969
899
-9255
6275
-5513
-7557
-5488
-3619
8121
-6098
4228
-7273
-6451
7132
7922
-7523
671
7410
2228
7037
7759
-4265
-100
-7567
6220
-6103
-926
-9311
4154
8424
3064
4648
8382
-6156
971
5042
-1574
-8128
8598
-3131
-8704
5931
-8035
-2567
-2617
361
8988
841
878
-3995
7416
1816
5444
6482
-51
-2073
871
-611
-9370
9018
4161
-5180
-4059
760
-8872
-6888
-974
1593
-8136
-8650
9790
-5105
-6390
3461
-4221
2018
6472
-6436
-3410
-8812
-651
6120
3170
3958
8151
8440
-8637
-9362
-3305
-906
7805
-3003
-1316
3899
-77
2639
-3496
5397
-3631
-5083
8625
-1385
-5364
6872
4007
2849
-7456
2731
-2573
2791
1253
3404
-1020
3244
1995
-5259
7969
-2290
2016
-8840
-4519
-2206
-1276
260
7454
-3790
2164
4134
4374
3584
-9933
2683
6999
4381
8898
-5443
-8373
-3880
2012
7116
-3177
100
-7242
-422
-5290
-321
-5699
4186
-2283
6708
9042
5269
-4617
-7122
-856
-526
397
-5197
-4044
9804
2130
3457
5561
8407
5672
-3894
-3810
-326
-5379
3356
-4885
7972
-2286
-8750
-5191
630
9360
5318
8737
1483
-7633
9575
3033
3959
2695
-1356
5382
8636
-4351
6053
-9846
-6228
-480
7587
-7350
-2245
3359
886
2352
-6824
2107
-4151
-2039
88
-8273
-1150
-5628
8259
-9536
-3327
7353
4462
-1966
-2209
8324
2084
-4132
4110
-7864
-2641
-2267
-3364
767
7072
4322
-3602
1550
-6417
1303
-7449
-9235
8716
2458
-3094
-4965
6715
-4810
8070
5983
-3451
3841
7224
-8438
-1173
120
275
5085
-1301
-2773
-9986
7183
-2624
9796
-9514
5158
7179
-6227
6921
-9834
8642
-2794
4781
2035
-6955
-5247
-1243
7424
2570
-3917
-8313
-7355
4760
-8986
4930
1725
3553
3966
-3425
-1644
7057
-3484
2672
9914
7638
1178
-5077
-4341
5117
455
2582
4051
6743
6125
-6498
-3564
1811
-1570
-8927
-8766
2510
-9411
8312
-6525
6839
5593
4425
-8161
2985
-6251
2742
-5261
-7973
-6703
5143
-4837
2733
-4600
9473
2330
6303
8499
4366
6506
-5693
401
3981
-1938
3850
9850
3171
-1320
-5019
6536
-3166
-6155
8900
9364
-6658
5705
-428
-8585
-4018
-5450
-8996
-6922
757
-6062
5136
1182
-8645
-5065
-2140
-5713
1280
-1233
2469
-1132
1154
3221
-1833
-7440
5211
846
5187
-6778
-8668
-1665
6234
-8714
9336
-3312
5963
-1174
-1585
-2310
-4453
-9411
6385
-1619
-1024
-8897
8774
-4776
7868
6888
9994
6963
9150
-1032
5219
6539
324
8120
1218
8215
-9165
-8422
5291
9321
-7131
3500